             a1=   -31.65295408930232
             a2=    9.251045079200942
             a3=   -8.730590899261227
             a4=    33.20021804771679

             b1=   -5.534958192726608
             b2=    2.626656522701029
             b3=    1.089778653368430
             b4=    6.539398458019447
             b5=    4.392125177389407
             b6=   -2.292010699233766
             b7=    1.313328261350515
                         