   PRACTICA   6: MATRIZ PROYECCION
                 =================

                 =====          ===========================
Numero de orden: | 44|  Alumno: | GIL ALAMO ANGEL, AMANDO |
                 =====          ===========================


   Caso A: n = 6 k = 3
                             a1 = ( -21  25 -31  27 -33  27)

                             a2 = ( -20  25 -16  16 -34  21)

                             a3 = ( -16  17 -27  18 -29  20)

        x  = (-18.000000   19.000000  -16.000000   19.000000  -14.000000   13.000000)
        Qx = (-12.936460   17.952728  -14.466727   19.434320  -15.694345   17.163244)

        x  = (-22.000000   24.000000  -21.000000   26.000000  -22.000000   24.000000)
        Qx = (-18.326149   25.021332  -20.814851   26.668106  -23.156258   24.043030)

        x  = (-14.652298   26.042664  -20.629702   27.336212  -24.312517   24.086060)
        Qx = (-18.326149   25.021332  -20.814851   26.668106  -23.156259   24.043030)

        x  = (-18.046875   21.390625  -25.531250   21.859375  -29.062500   22.625000)
        Qx = (-18.046875   21.390625  -25.531250   21.859375  -29.062500   22.625000)


   Caso B: n = 5 k = 2
                             B(1,:) = (  24 -26  33 -35  29)

                             B(2,:) = ( -31  24 -18  25 -29)

        x  = (-15.000000   16.000000  -16.000000   13.000000  -13.000000)
        Qx = ( -0.966798    2.894680   -2.093538   -3.042485    2.105677)

        x  = (-30.000000   21.000000  -23.000000   22.000000  -27.000000)
        Qx = ( -2.209938   -1.850992   -3.430624   -3.228781    0.176413)

        x  = ( 25.580124  -24.701985   16.138752  -28.457561   27.352826)
        Qx = ( -2.209938   -1.850993   -3.430624   -3.228780    0.176413)

        x  = ( -7.413605    5.453774   -6.573283   -5.761156   11.551811)
        Qx = ( -7.413605    5.453774   -6.573283   -5.761156   11.551811)

